------------------
Partally decoded CUfunc_st
v0:1
v1:0
name:func_0
v2:f
v3:0
v4:5
v5:0
------------------
pFunc->kernel
01d56880|00000000: 08 00 00 00 00 00 00 00  0a 00 00 00 00 00 00 00 |................|
01d56890|00000010: 00 00 00 00 00 00 00 00  20 e9 94 01 00 00 00 00 |........ .......|
01d568a0|00000020: 01 00 00 00 00 00 00 00  00 00 00 00 00 00 00 00 |................|
01d568b0|00000030: 10 6c d7 01 00 00 00 00  08 14 00 00 00 00 00 00 |.l..............|
01d568c0|00000040: b0 51 d7 01 00 00 00 00  00 00 00 00 00 00 00 00 |.Q..............|
01d568d0|00000050: 00 00 00 00 00 00 00 00  00 00 00 00 00 00 00 00 |................|
01d568e0|00000060: 00 00 00 00 00 00 00 00  00 00 00 00 00 00 00 00 |................|
01d568f0|00000070: 00 00 00 00 00 00 00 00  00 00 00 00 00 00 00 00 |................|
01d56900|00000080: 40 17 d8 01 00 00 00 00  00 00 00 00 00 00 00 00 |@...............|
01d56910|00000090: 00 00 00 00 00 00 00 00  00 00 00 00 00 00 00 00 |................|
01d56920|000000a0: 00 00 00 00 00 00 00 00  00 00 00 00 01 00 00 00 |................|
01d56930|000000b0: 14 00 00 00 34 00 00 00  00 00 00 00 00 00 00 00 |....4...........|
01d56940|000000c0: 00 00 00 00 00 00 00 00  00 00 00 00 00 00 00 00 |................|
01d56950|000000d0: 00 00 00 00 00 00 00 00  00 00 00 00 00 00 00 00 |................|
01d56960|000000e0: 00 00 00 00 00 00 00 00  00 00 00 00 00 00 00 00 |................|
01d56970|000000f0: 00 00 00 00 00 00 00 00  50 22 cd 01 00 00 00 00 |........P"......|
01d56980|00000100: 00 00 00 00 00 00 00 00  21 00 00 00 00 00 00 00 |........!.......|
01d56990|00000110: a0 47 d6 01 00 00 00 00  d0 47 d6 01 00 00 00 00 |.G.......G......|
01d569a0|00000120: 20 00 00 00 00 00 00 00  71 04 00 00 00 00 00 00 | .......q.......|
01d569b0|00000130: 01 00 00 00 00 00 00 00  f0 23 cd 01 00 00 00 00 |.........#......|

------------------
Partially decoded kernel struct
kernel.v0:8
kernel.v1:0
kernel.v2:a
kernel.v3:0
kernel.v4:194e920
kernel.v5:0
kernel.v6:1
kernel.v7:0
kernel.v8:0
kernel.size:1408 size of the module
kernel.module:0x1d76c10 pointer to the module (the ELF binary)
kernel.v9:0
------------------
