------------------
Partally decoded CUfunc_st
v0:1
v1:0
name:func_3
v2:b
v3:0
v4:1
v5:0
------------------
pFunc->kernel
01d077f0|00000000: 08 00 00 00 00 00 00 00  0a 00 00 00 00 00 00 00 |................|
01d07800|00000010: 00 00 00 00 00 00 00 00  20 f9 8f 01 00 00 00 00 |........ .......|
01d07810|00000020: 01 00 00 00 00 00 00 00  00 00 00 00 00 00 00 00 |................|
01d07820|00000030: 80 7b d2 01 00 00 00 00  08 14 00 00 00 00 00 00 |.{..............|
01d07830|00000040: 20 61 d2 01 00 00 00 00  00 00 00 00 00 00 00 00 | a..............|
01d07840|00000050: 00 00 00 00 00 00 00 00  00 00 00 00 00 00 00 00 |................|
01d07850|00000060: 00 00 00 00 00 00 00 00  00 00 00 00 00 00 00 00 |................|
01d07860|00000070: 00 00 00 00 00 00 00 00  00 00 00 00 00 00 00 00 |................|
01d07870|00000080: b0 26 d3 01 00 00 00 00  00 00 00 00 00 00 00 00 |.&..............|
01d07880|00000090: 00 00 00 00 00 00 00 00  00 00 00 00 00 00 00 00 |................|
01d07890|000000a0: 00 00 00 00 00 00 00 00  00 00 00 00 01 00 00 00 |................|
01d078a0|000000b0: 14 00 00 00 34 00 00 00  00 00 00 00 00 00 00 00 |....4...........|
01d078b0|000000c0: 00 00 00 00 00 00 00 00  00 00 00 00 00 00 00 00 |................|
01d078c0|000000d0: 00 00 00 00 00 00 00 00  00 00 00 00 00 00 00 00 |................|
01d078d0|000000e0: 00 00 00 00 00 00 00 00  00 00 00 00 00 00 00 00 |................|
01d078e0|000000f0: 00 00 00 00 00 00 00 00  c0 31 c8 01 00 00 00 00 |.........1......|
01d078f0|00000100: 00 00 00 00 00 00 00 00  21 00 00 00 00 00 00 00 |........!.......|
01d07900|00000110: 10 57 d1 01 00 00 00 00  40 57 d1 01 00 00 00 00 |.W......@W......|
01d07910|00000120: 20 00 00 00 00 00 00 00  71 04 00 00 00 00 00 00 | .......q.......|
01d07920|00000130: 01 00 00 00 00 00 00 00  60 33 c8 01 00 00 00 00 |........`3......|

------------------
Partially decoded kernel struct
kernel.v0:8
kernel.v1:0
kernel.v2:a
kernel.v3:0
kernel.v4:18ff920
kernel.v5:0
kernel.v6:1
kernel.v7:0
kernel.v8:0
kernel.size:1408 size of the module
kernel.module:0x1d27b80 pointer to the module (the ELF binary)
kernel.v9:0
------------------
