------------------
Partally decoded CUfunc_st
v0:1
v1:0
name:func_2
v2:c
v3:0
v4:2
v5:0
------------------
pFunc->kernel
01b7e880|00000000: 08 00 00 00 00 00 00 00  0a 00 00 00 00 00 00 00 |................|
01b7e890|00000010: 00 00 00 00 00 00 00 00  20 69 77 01 00 00 00 00 |........ iw.....|
01b7e8a0|00000020: 01 00 00 00 00 00 00 00  00 00 00 00 00 00 00 00 |................|
01b7e8b0|00000030: 10 ec b9 01 00 00 00 00  08 14 00 00 00 00 00 00 |................|
01b7e8c0|00000040: b0 d1 b9 01 00 00 00 00  00 00 00 00 00 00 00 00 |................|
01b7e8d0|00000050: 00 00 00 00 00 00 00 00  00 00 00 00 00 00 00 00 |................|
01b7e8e0|00000060: 00 00 00 00 00 00 00 00  00 00 00 00 00 00 00 00 |................|
01b7e8f0|00000070: 00 00 00 00 00 00 00 00  00 00 00 00 00 00 00 00 |................|
01b7e900|00000080: 40 97 ba 01 00 00 00 00  00 00 00 00 00 00 00 00 |@...............|
01b7e910|00000090: 00 00 00 00 00 00 00 00  00 00 00 00 00 00 00 00 |................|
01b7e920|000000a0: 00 00 00 00 00 00 00 00  00 00 00 00 01 00 00 00 |................|
01b7e930|000000b0: 14 00 00 00 34 00 00 00  00 00 00 00 00 00 00 00 |....4...........|
01b7e940|000000c0: 00 00 00 00 00 00 00 00  00 00 00 00 00 00 00 00 |................|
01b7e950|000000d0: 00 00 00 00 00 00 00 00  00 00 00 00 00 00 00 00 |................|
01b7e960|000000e0: 00 00 00 00 00 00 00 00  00 00 00 00 00 00 00 00 |................|
01b7e970|000000f0: 00 00 00 00 00 00 00 00  50 a2 af 01 00 00 00 00 |........P.......|
01b7e980|00000100: 00 00 00 00 00 00 00 00  21 00 00 00 00 00 00 00 |........!.......|
01b7e990|00000110: a0 c7 b8 01 00 00 00 00  d0 c7 b8 01 00 00 00 00 |................|
01b7e9a0|00000120: 20 00 00 00 00 00 00 00  71 04 00 00 00 00 00 00 | .......q.......|
01b7e9b0|00000130: 01 00 00 00 00 00 00 00  f0 a3 af 01 00 00 00 00 |................|

------------------
Partially decoded kernel struct
kernel.v0:8
kernel.v1:0
kernel.v2:a
kernel.v3:0
kernel.v4:1776920
kernel.v5:0
kernel.v6:1
kernel.v7:0
kernel.v8:0
kernel.size:1408 size of the module
kernel.module:0x1b9ec10 pointer to the module (the ELF binary)
kernel.v9:0
------------------
