------------------
Partally decoded CUfunc_st
v0:1
v1:0
name:func_1
v2:e
v3:0
v4:4
v5:0
------------------
pFunc->kernel
028b2880|00000000: 08 00 00 00 00 00 00 00  0a 00 00 00 00 00 00 00 |................|
028b2890|00000010: 00 00 00 00 00 00 00 00  20 a9 4a 02 00 00 00 00 |........ .J.....|
028b28a0|00000020: 01 00 00 00 00 00 00 00  00 00 00 00 00 00 00 00 |................|
028b28b0|00000030: 10 2c 8d 02 00 00 00 00  08 14 00 00 00 00 00 00 |.,..............|
028b28c0|00000040: b0 11 8d 02 00 00 00 00  00 00 00 00 00 00 00 00 |................|
028b28d0|00000050: 00 00 00 00 00 00 00 00  00 00 00 00 00 00 00 00 |................|
028b28e0|00000060: 00 00 00 00 00 00 00 00  00 00 00 00 00 00 00 00 |................|
028b28f0|00000070: 00 00 00 00 00 00 00 00  00 00 00 00 00 00 00 00 |................|
028b2900|00000080: 40 d7 8d 02 00 00 00 00  00 00 00 00 00 00 00 00 |@...............|
028b2910|00000090: 00 00 00 00 00 00 00 00  00 00 00 00 00 00 00 00 |................|
028b2920|000000a0: 00 00 00 00 00 00 00 00  00 00 00 00 01 00 00 00 |................|
028b2930|000000b0: 14 00 00 00 34 00 00 00  00 00 00 00 00 00 00 00 |....4...........|
028b2940|000000c0: 00 00 00 00 00 00 00 00  00 00 00 00 00 00 00 00 |................|
028b2950|000000d0: 00 00 00 00 00 00 00 00  00 00 00 00 00 00 00 00 |................|
028b2960|000000e0: 00 00 00 00 00 00 00 00  00 00 00 00 00 00 00 00 |................|
028b2970|000000f0: 00 00 00 00 00 00 00 00  50 e2 82 02 00 00 00 00 |........P.......|
028b2980|00000100: 00 00 00 00 00 00 00 00  21 00 00 00 00 00 00 00 |........!.......|
028b2990|00000110: a0 07 8c 02 00 00 00 00  d0 07 8c 02 00 00 00 00 |................|
028b29a0|00000120: 20 00 00 00 00 00 00 00  71 04 00 00 00 00 00 00 | .......q.......|
028b29b0|00000130: 01 00 00 00 00 00 00 00  f0 e3 82 02 00 00 00 00 |................|

------------------
Partially decoded kernel struct
kernel.v0:8
kernel.v1:0
kernel.v2:a
kernel.v3:0
kernel.v4:24aa920
kernel.v5:0
kernel.v6:1
kernel.v7:0
kernel.v8:0
kernel.size:1408 size of the module
kernel.module:0x28d2c10 pointer to the module (the ELF binary)
kernel.v9:0
------------------
